77
109
1 2 30
1 18 120
2 17 110 
2 3 26
3 16 110 
3 4 30
4 15 120
4 5 22
5 14 110
5 6 41 
6 13 120
6 7 38
7 12 110
7 8 25
8 11 110 
8 9 48
9 10 120
10 11 44
10 21 36
10 30 130
11 12 27
11 31 120
12 13 47
12 32 130
13 14 30
13 33 130
14 15 31
14 34 150
15 16 29
16 35 150
16 17 31
17 36 170 
17 18 30
18 19 88
18 37 180
20 23 47
20 21 28
20 28 32
21 22 37
21 28 60
21 23 77
28 24 52
28 77 31
27 38 77
77 25 47
29 26 40
29 30 33
30 31 39
30 38 26
31 32 35
31 39 43
32 40 49
32 33 34
33 41 76
33 34 41
34 42 87 
34 35 37
35 43 86
35 36 39
36 44 72
36 37 36
37 45 97
38 39 30
39 46 140
45 46 650
45 47 73
47 48 120
48 51 9
48 49 80
49 52 9
49 50 71
50 53 9
53 52 76
52 51 79
51 56 96
52 58 96 
53 60 96
54 55 74
55 56 72
56 57 33
57 58 49 
58 59 39
59 60 40
55 61 42 
61 63 23
56 62 42
62 64 24
62 61 68
64 63 67
57 72 65
58 66 71
59 67 80
60 68 81
64 65 31 
65 66 52
66 67 38
67 68 37
66 69 60
68 70 40
69 70 88 
70 71 40
71 72 91
69 72 41
71 74 40
72 73 33
73 74 89
75 76 89
73 75 25
74 76 24
