1 6.999315 -73.047431
2 6.999085 -73.047303
3 6.998832 -73.047231
4 6.998552 -73.047167
5 6.998366 -73.047178
6 6.998078 -73.046963
7 6.997749 -73.046857
8 6.997536 -73.046798
9 6.997193 -73.046602
10 6.996690 -73.047498
11 6.997031 -73.047691
12 6.997248 -73.047730
13 6.997637 -73.047906
14 6.997930 -73.048003
15 6.998163 -73.048090
16 6.998386 -73.048094
17 6.998607 -73.048218
18 6.998821 -73.048348
19 6.998837 -73.049122
20 6.996294 -73.047548
21 6.996388 -73.047356
22 6.996132 -73.047134
23 6.995928 -73.047332
24 6.995749 -73.047573
25 6.995627 -73.047831
26 6.995552 -73.048131
27 6.995501 -73.048453
28 6.996149 -73.047803
29 6.995878 -73.048288
30 6.996104 -73.048481
31 6.996416 -73.048625
32 6.996714 -73.048738
33 6.996995 -73.048868
34 6.996995 -73.048868
35 6.997575 -73.049256
36 6.997808 -73.049524
37 6.998028 -73.049793
38 6.996091 -73.048691
39 6.996215 -73.048941
40 6.996500 -73.049130
41 6.996641 -73.049465
42 6.996924 -73.049783
43 6.997207 -73.049954
44 6.997520 -73.050103
45 6.997490 -73.050446
46 6.996700 -73.050055
47 6.997595 -73.051060
48 6.998289 -73.051779
49 6.998822 -73.052255
50 6.999314 -73.052709
51 6.998349 -73.051716
52 6.998895 -73.052184
53 6.999376 -73.052630
54 6.997955 -73.050861
55 6.998440 -73.050653
56 6.998935 -73.051081
57 6.998935 -73.051081
58 6.999479 -73.051564
59 6.999751 -73.051786
60 7.000002 -73.052043
61 6.998708 -73.050388
62 6.999187 -73.050802
63 6.998844 -73.050251
64 6.999328 -73.050650
65 6.999598 -73.050730
66 6.999938 -73.051046
67 7.000222 -73.051243
68 7.000482 -73.051441
69 7.000200 -73.050580
70 7.000718 -73.051166
71 7.000954 -73.050887
72 7.000426 -73.050273
73 7.000628 -73.050053
74 7.001185 -73.050605
75 7.000757 -73.049872
76 7.001315 -73.050441
77 6.996009 -73.048046
